[VORViewer]
SkyTracPort=COM20,COM19,COM18,COM17,COM16,COM15,COM14,COM13,COM12,COM11,COM10,COM9,COM8,COM7,COM6,COM5,COM4,COM3,COM2 
SkyTracBaud=9600
AverageFactor=0.6

VORLatitude=12.9493991
VORLongitude=77.6808663
VORFrequency=115.5
Latitude=12.9369008444816
Longitude=77.7004792292477
GNSSDistance=2.53947172699183
GNSSBearing=123.176808660308
VORIP=127.0.0.1
VORPort=20000
nPointAverage=32
VORAverageFactor=0.8
VORBearing=86.0957593260086
VORError=-33.5216127800167
VORSignalLevel=2.79861481405462E-05
CaliubrateSD=5

