[VORViewer]
SkyTracPort=COM20,COM19,COM18,COM17,COM16,COM15,COM14,COM13,COM12,COM11,COM10,COM9,COM8,COM7,COM6,COM5,COM4,COM3,COM2 
SkyTracBaud=9600
AverageFactor=0.6

VORLatitude=12.9493991
VORLongitude=77.6808663
VORFrequency=115.5
Latitude=12.9367225233506
Longitude=77.7004492859664
GNSSDistance=2.54767391791559
GNSSBearing=123.589971095893
VORIP=127.0.0.1
VORPort=20000
nPointAverage=32
VORAverageFactor=0.8
VORBearing=97.5602260727809
VORError=-26.1767334455835
VORSignalLevel=0.00285251817014576
CaliubrateSD=5

