[VORViewer]
SkyTracPort=COM20,COM19,COM18,COM17,COM16,COM15,COM14,COM13,COM12,COM11,COM10,COM9,COM8,COM7,COM6,COM5,COM4,COM3,COM2 
SkyTracBaud=9600
AverageFactor=0.6

VORLatitude=22.6452007293701
VORLongitude=88.4529037475586
VORFrequency=112.5
Latitude=28.0652596410084
Longitude=88.3285152970132
GNSSDistance=602.812485107722
GNSSBearing=-1.1618621471565
VORIP=127.0.0.1
VORPort=20000
nPointAverage=32
VORAverageFactor=0.8
VORBearing=-109.006691751501
VORError=-26.1767334455835
VORSignalLevel=7.53615296456172E-05
CaliubrateSD=5

